0.902866543
0.90861789
0.914405873
0.920230726
0.926092684
0.931991984
0.937928862
0.943903559
0.949916316
0.955967374
0.962056978
0.968185373
0.974352807
0.980559528
0.986805786
0.993091834
0.999417924
1.00578431
1.01219126
1.01863901
1.02512784
1.031658
1.03822976
1.04484339
1.05149914
1.05819729
1.06493811
1.07172187
1.07854884
1.0854193
1.09233352
1.09929179
1.10629439
1.11334159
1.12043368
1.12757095
1.13475368
1.14198217
1.14925671
1.15657759
1.1639451
1.17135954
1.17882121
1.18633042
1.19388745
1.20149263
1.20914626
1.21684863
1.22460008
1.2324009
1.24025141
1.24815193
1.25610278
1.26410427
1.27215674
1.2802605
1.28841588
1.29662321
1.30488283
1.31319506
1.32156024
1.3299787
1.33845079
1.34697685
1.35555723
1.36419226
1.37288229
1.38162768
1.39042878
1.39928595
1.40819954
1.4171699
1.42619741
1.43528242
1.44442531
1.45362644
1.46288618
1.4722049
1.48158299
1.49102082
1.50051876
1.51007721
1.51969655
1.52937716
1.53911944
1.54892378
1.55879057
1.56872022
1.57871312
1.58876967
1.59889029
1.60907537
1.61932534
1.62964059
1.64002156
1.65046866
1.6609823
1.67156292
1.68221093
1.69292678
1.70371088
1.71456369
1.72548562
1.73647713
1.74753866
1.75867065
1.76987355
1.78114781
1.79249389
1.80391225
1.81540335
1.82696764
1.8386056
1.85031769
1.8621044
1.87396618
1.88590352
1.89791691
1.91000682
1.92217375
1.93441818
1.94674061
1.95914154
1.97162146
1.98418087
1.9968203
2.00954023
2.0223412
2.03522371
2.04818828
2.06123543
2.0743657
2.08757961
2.10087769
2.11426048
2.12772853
2.14128236
2.15492254
2.1686496
2.18246411
2.19636661
2.21035768
2.22443787
2.23860775
2.2528679
2.26721888
2.28166129
2.29619569
2.31082267
2.32554284
2.34035677
2.35526507
2.37026833
2.38536717
2.40056218
2.415854
2.43124322
2.44673047
2.46231638
2.47800157
2.49378668
2.50967234
2.52565919
2.54174789
2.55793906
2.57423338
2.5906315
2.60713407
2.62374176
2.64045525
2.6572752
2.6742023
2.69123723
2.70838067
2.72563331
2.74299586
2.760469
2.77805346
2.79574992
2.81355912
2.83148176
2.84951857
2.86767028
2.88593761
2.90432131
2.92282212
2.94144078
2.96017804
2.97903466
2.99801139
3.01710901
3.03632829
3.05566999
3.0751349
3.09472381
3.11443749
3.13427676
3.1542424
3.17433523
3.19455605
3.21490568
3.23538494
3.25599465
3.27673565
3.29760877
3.31861486
3.33975475
3.36102931
3.38243939
3.40398585
3.42566957
3.44749141
3.46945226
3.49155301
3.51379454
3.53617775
3.55870354
3.58137282
3.60418651
3.62714552
3.65025079
3.67350324
3.69690381
3.72045344
3.74415308
3.7680037
3.79200624
3.81616169
3.84047101
3.86493517
3.88955518
3.91433202
3.93926669
3.9643602
3.98961356
4.01502778
4.04060389
4.06634293
4.09224592
4.11831392
4.14454798
4.17094914
4.19751849
4.22425709
4.25116601
4.27824635
4.30549919
4.33292563
4.36052678
4.38830376
4.41625767
4.44438966
4.47270085
4.50119238
4.52986541
4.55872109
4.58776058
4.61698505
4.64639569
4.67599368
4.70578021
4.73575648
4.7659237
4.7962831
4.82683588
4.85758329
4.88852656
4.91966694
4.95100569
4.98254408
5.01428336
5.04622483
5.07836976
5.11071947
5.14327524
5.1760384
5.20901026
5.24219216
5.27558542
5.30919141
5.34301147
5.37704696
5.41129927
5.44576977
5.48045984
5.5153709
5.55050434
5.58586159
5.62144406
5.6572532
5.69329045
5.72955725
5.76605508
5.80278541
5.83974971
5.87694948
5.91438621
5.95206142
5.98997662
6.02813335
6.06653313
6.10517753
6.1440681
6.1832064
6.22259402
6.26223254
6.30212357
6.3422687
6.38266956
6.42332778
6.46424499
6.50542286
6.54686302
6.58856717
6.63053698
6.67277413
6.71528035
6.75805733
6.8011068
6.8444305
6.88803018
6.9319076
6.97606452
7.02050272
7.06522399
7.11023015
7.155523
7.20110437
7.24697609
7.29314003
7.33959803
7.38635197
7.43340375
7.48075524
7.52840837
7.57636505
7.62462723
7.67319684
7.72207584
7.7712662
7.82076991
7.87058897
7.92072538
7.97118116
8.02195835
8.07305899
8.12448515
8.17623891
8.22832233
8.28073754
8.33348663
8.38657174
8.43999501
8.49375859
8.54786464
8.60231536
8.65711294
8.71225958
8.76775751
8.82360897
8.8798162
8.93638149
8.99330709
9.05059532
9.10824849
9.1662689
9.22465892
9.28342088
9.34255716
9.40207015
9.46196224
9.52223585
9.58289341
9.64393736
9.70537016
9.7671943
9.82941227
9.89202657
9.95503973
10.0184543
10.0822728
10.1464979
10.211132
10.2761779
10.3416381
10.4075154
10.4738123
10.5405314
10.6076756
10.6752476
10.7432499
10.8116854
10.8805569
10.9498671
11.0196188
11.0898148
11.160458
11.2315512
11.3030973
11.3750991
11.4475596
11.5204816
11.5938682
11.6677222
11.7420468
11.8168447
11.8921192
11.9678731
12.0441096
12.1208317
12.1980426
12.2757453
12.353943
12.4326388
12.5118359
12.5915375
12.6717468
12.752467
12.8337015
12.9154534
12.9977261
13.0805228
13.163847
13.247702
13.3320911
13.4170178
13.5024855
13.5884976
13.6750577
13.7621691
13.8498354
13.9380602
14.026847
14.1161994
14.2061209
14.2966153
14.3876861
14.479337
14.5715718
14.6643941
14.7578077
14.8518164
14.9464239
15.041634
15.1374507
15.2338777
15.3309189
15.4285784
15.5268599
15.6257675
15.7253051
15.8254768
15.9262866
16.0277386
16.1298368
16.2325855
16.3359886
16.4400504
16.5447751
16.6501669
16.7562301
16.8629689
16.9703876
17.0784906
17.1872822
17.2967669
17.4069489
17.5178329
17.6294231
17.7417243
17.8547407
17.9684772
18.0829381
18.1981281
18.314052
18.4307142
18.5481197
18.666273
18.7851789
18.9048423
19.025268
19.1464607
19.2684255
19.3911673
19.5146909
19.6390013
19.7641036
19.8900029
20.0167041
20.1442124
20.272533
20.401671
20.5316316
20.6624201
20.7940417
20.9265017
21.0598055
21.1939585
21.3289661
21.4648336
21.6015667
21.7391707
21.8776513
22.0170141
22.1572646
22.2984085
22.4404515
22.5833993
22.7272577
22.8720325
23.0177296
23.1643547
23.3119139
23.460413
23.6098581
23.7602552
23.9116103
24.0639295
24.2172191
24.3714851
24.5267338
24.6829715
24.8402044
24.9984388
25.1576813
25.3179381
25.4792158
25.6415209
25.8048598
25.9692393
26.1346658
26.3011462
26.468687
26.6372951
26.8069772
26.9777402
27.149591
27.3225365
27.4965837
27.6717396
27.8480112
28.0254057
28.2039302
28.383592
28.5643982
28.7463562
28.9294732
29.1137567
29.2992142
29.485853
29.6736807
29.8627049
30.0529332
30.2443732
30.4370328
30.6309196
30.8260415
31.0224064
31.2200221
31.4188966
31.619038
31.8204543
32.0231537
32.2271442
32.4324342
32.639032
32.8469457
33.0561839
33.266755
33.4786674
33.6919298
33.9065506
34.1225386
34.3399024
34.5586509
34.7787928
35.0003371
35.2232926
35.4476683
35.6734734
35.9007168
36.1294079
36.3595557
36.5911695
36.8242588
37.0588328
37.2949012
37.5324733
37.7715587
38.0121672
38.2543083
38.497992
38.7432279
38.990026
39.2383962
39.4883485
39.7398931
39.99304
40.2477995
40.5041819
40.7621974
41.0218565
41.2831697
41.5461474
41.8108004
42.0771392
42.3451746
42.6149175
42.8863786
43.1595689
43.4344995
43.7111815
43.9896259
44.269844
44.5518472
44.8356467
45.1212541
45.4086808
45.6979385
45.9890387
46.2819933
46.5768141
46.8735129
47.1721016
47.4725925
47.7749974
48.0793288
48.3855987
48.6938196
49.0040039
49.3161641
49.6303128
49.9464627
50.2646265
50.584817
50.9070471
51.2313299
51.5576784
51.8861057
52.2166252
52.5492501
52.8839939
53.22087
53.5598921
53.9010737
54.2444288
54.589971
54.9377143
55.2876729
55.6398606
55.9942919
56.3509809
56.7099421
57.0711899
57.4347388
57.8006036
58.168799
58.5393399
58.9122411
59.2875177
59.6651849
60.0452578
60.4277519
60.8126825
61.2000651
61.5899154
61.9822491
62.377082
62.77443
63.1743091
63.5767355
63.9817254
64.3892952
64.7994612
65.21224
65.6276482
66.0457026
66.4664201
66.8898176
67.3159121
67.744721
68.1762613
68.6105507
69.0476065
69.4874464
69.9300881
70.3755495
70.8238485
71.2750032
71.7290318
72.1859526
72.6457841
73.1085447
73.5742531
74.0429282
74.5145888
74.9892539
75.4669426
75.9476743
76.4314683
76.9183441
77.4083213
77.9014197
78.3976593
78.8970599
79.3996417
79.9054251
80.4144303
80.926678
81.4421887
81.9609832
82.4830826
83.0085077
83.5372799
84.0694204
84.6049507
85.1438923
85.6862671
86.2320969
86.7814036
87.3342095
87.8905368
88.4504079
89.0138455
89.5808723
90.151511
90.7257848
91.3037168
91.8853302
92.4706486
93.0596955
93.6524947
94.2490701
94.8494458
95.4536458
96.0616947
96.6736169
97.2894372
97.9091802
98.5328711
99.160535
99.7921971
100.427883
101.067618
101.711429
102.35934
103.011379
103.667571
104.327944
104.992523
105.661335
106.334408
107.011769
107.693444
108.379461
109.069849
109.764634
110.463846
111.167511
111.875659
112.588317
113.305516
114.027283
114.753648
115.484639
116.220288
116.960622
117.705672
118.455469
119.210041
119.969421
120.733638
121.502723
122.276707
123.055621
123.839497
124.628367
125.422261
126.221213
127.025254
127.834417
128.648735
129.46824
130.292965
131.122943
131.958209
132.798796
133.644737
134.496067
135.352819
136.21503
137.082733
137.955963
138.834756
139.719146
140.609171
141.504865
142.406264
143.313406
144.226326
145.145062
146.06965
147.000127
147.936532
148.878902
149.827275
150.781689
151.742183
152.708795
153.681565
154.660531
155.645734
156.637212
157.635006
158.639156
159.649703
160.666687
161.690149
162.720131
163.756674
164.799819
165.84961
166.906088
167.969296
169.039276
170.116073
171.199729
172.290287
173.387793
174.49229
175.603823
176.722436
177.848175
178.981085
180.121211
181.268601
182.423299
183.585353
184.754809
185.931715
187.116118
188.308066
189.507606
190.714788
191.929659
193.15227
194.382668
195.620905
196.867029
198.12109
199.383141
200.653231
201.931411
203.217733
204.51225
205.815013
207.126074
208.445487
209.773305
211.109581
212.454369
213.807724
215.1697
216.540351
217.919734
219.307904
220.704916
222.110828
223.525695
224.949575
226.382525
227.824604
229.275869
230.736378
232.206191
233.685366
235.173965
236.672045
238.179669
239.696896
241.223789
242.760407
244.306815
245.863072
247.429244
249.005392
250.59158
252.187873
253.794334
255.411028
257.038021
258.675377
260.323164
261.981448
263.650295
265.329773
267.019949
268.720892
270.432669
272.155352
273.889007
275.633707
277.38952
279.156518
280.934771
282.724353
284.525334
286.337788
288.161787
289.997405
291.844717
293.703796
295.574717
297.457556
299.35239
301.259293
303.178344
305.109619
307.053196
309.009155
310.977573
312.95853
314.952106
316.958381
318.977436
321.009353
323.054213
325.1121
327.183095
329.267283
331.364747
333.475572
335.599844
337.737647
339.889068
342.054194
344.233112
346.42591
348.632677
350.8535
353.088471
355.337678
357.601213
359.879168
362.171632
364.4787
366.800465
369.137019
371.488457
373.854874
376.236366
378.633028
381.044956
383.472249
385.915004
388.37332
390.847295
393.33703
395.842625
398.364181
400.901799
403.455582
406.025632
408.612055
411.214953
413.834431
416.470597
419.123554
421.793412
424.480276
427.184256
429.905461
432.644
435.399984
438.173524
440.964731
443.773719
446.6006
449.445489
452.3085
455.189748
458.089351
461.007424
463.944085
466.899454
469.873648
472.866788
475.878995
478.91039
481.961095
485.031234
488.120929
491.230307
494.359491
497.508608
500.677786
503.867151
507.076834
510.306962
513.557666
516.829078
520.121329
523.434551
526.76888
530.124448
533.501392
536.899847
540.319951
543.761841
547.225656
550.711536
554.219621
557.750053
561.302975
564.878529
568.476859
572.098111
575.742431
579.409966
583.100863
586.815271
590.553341
594.315223
598.101068
